1
1
1
1
2
3
3
3
4
5
5
5
6
6
6
6
6
6
7
7
7
8
9
9
9
9
9
9
10
10
10
10
10
10
10
10
11
11
11
12
12
12
12
13
13
13
14
14
15
15
15
15
15
15
15
15
15
16
16
16
16
16
16
17
17
17
17
17
17
17
17
18
18
19
19
19
20
20
20
20
20
21
21
21
21
21
21
21
21
21
21
21
21
21
21
21
21
21
21
21
22
22
22
22
22
22
23
23
23
23
23
23
24
24
24
24
24
24
24
24
24
24
25
25
26
26
26
26
26
26
27
27
27
27
27
27
27
27
27
28
28
28
28
28
28
28
28
29
29
29
29
29
29
29
30
30
30
30
30
30
30
31
31
31
31
31
31
31
31
31
31
31
32
32
32
33
33
33
33
33
33
33
34
34
35
35
35
35
36
36
36
36
36
36
36
37
37
38
38
38
38
38
38
39
39
39
39
39
39
39
40
40
40
40
40
40
41
41
41
41
42
42
42
42
42
42
42
43
43
43
43
43
43
43
43
43
43
44
44
44
44
44
44
44
45
45
45
45
45
45
45
45
45
45
46
46
46
46
46
46
47
47
47
48
48
48
48
48
48
48
49
49
49
49
50
50
50
50
50
51
51
51
51
51
51
52
52
52
52
52
52
52
52
52
53
53
53
53
53
54
54
54
54
54
54
55
55
55
56
56
56
56
56
56
56
56
57
57
57
57
57
57
57
57
57
58
58
58
58
58
59
59
59
59
59
59
59
60
60
60
60
60
61
61
61
61
61
61
62
62
62
62
62
63
63
63
63
63
64
64
64
64
64
64
65
65
65
65
65
65
65
65
66
66
66
66
66
66
66
66
66
66
67
67
67
68
68
68
68
69
69
69
69
70
70
70
70
70
71
71
71
71
71
71
71
71
71
71
72
72
72
72
72
72
73
73
73
73
74
74
74
74
74
74
74
75
75
75
75
75
76
76
76
76
76
76
76
77
77
77
77
78
78
78
78
78
79
80
80
81
81
81
81
81
82
83
83
83
83
83
83
83
83
84
84
84
84
84
84
85
85
86
86
86
86
87
87
88
88
88
89
90
90
90
90
90
90
90
90
90
90
91
91
91
91
92
92
92
92
92
92
93
93
93
93
93
94
94
94
94
94
94
95
95
95
96
96
96
97
97
97
98
98
98
99
99
100
101
101
101
101
101
102
102
102
103
103
103
103
104
104
104
105
105
105
105
105
106
106
106
106
106
107
107
107
108
108
108
108
108
108
108
108
109
109
109
109
110
110
110
110
110
110
110
110
110
111
111
111
111
111
111
112
112
112
112
113
113
114
115
115
115
116
116
116
117
117
118
118
118
118
118
118
118
118
118
118
119
119
119
120
120
121
121
121
121
121
121
121
122
122
122
122
123
124
124
124
124
124
125
125
125
125
125
126
126
126
126
127
127
127
127
127
128
128
128
129
130
130
130
130
130
130
131
131
131
132
132
132
132
132
133
133
133
133
133
133
134
134
134
134
134
135
135
136
136
136
136
137
137
137
137
138
138
138
138
138
139
139
139
140
141
141
142
142
142
143
143
143
144
144
144
145
145
148
148
148
148
148
148
150
150
150
151
151
152
152
152
153
153
153
154
155
155
156
156
156
156
157
158
158
159
159
160
162
162
163
163
163
163
164
164
164
166
166
167
167
167
169
169
169
169
170
170
170
170
171
171
171
171
172
172
174
176
177
177
177
177
177
177
177
177
178
178
179
179
179
179
181
181
181
181
182
184
184
184
184
185
185
186
186
186
186
186
187
188
188
188
188
189
189
191
192
192
193
193
194
194
195
197
198
198
199
200
200
201
201
201
203
204
205
206
207
207
208
208
209
209
211
211
212
212
212
216
216
217
217
218
218
220
222
222
222
222
222
223
225
226
226
226
227
228
228
228
229
229
230
231
231
231
232
235
235
235
235
235
236
237
237
238
239
240
241
241
243
243
244
246
249
249
249
249
249
250
254
254
255
255
255
256
257
257
257
257
258
259
259
259
260
263
263
263
263
264
267
268
269
270
273
275
277
278
279
283
284
287
287
288
288
288
292
295
295
297
297
298
298
299
300
302
302
304
305
311
311
313
314
315
316
318
319
319
325
326
327
327
329
332
332
332
336
337
338
341
341
344
344
348
349
351
352
356
358
367
369
369
369
384
387
394
400
405
407
408
410
413
417
417
421
426
429
431
438
442
443
443
444
445
449
453
453
453
458
458
468
483
490
490
502
511
511
512
512
520
521
521
535
549
568
584
618
624
625
648
666
682
823
823
827
839
